0.000000, 0.000000
0.385889, 0.027653
0.722689, 0.020206
0.999451, 0.017204
1.523389, 0.013913
5.201785, 0.007563
9.568353, 0.005600
19.156755, 0.003926
30.168382, 0.003117
39.465455, 0.002713

0.000000, 0.000000
0.382930, 0.055165
0.721841, 0.040396
0.999007, 0.034402
1.523198, 0.027825
5.201769, 0.015125
9.568348, 0.011200
19.156754, 0.007851
30.168381, 0.006235
39.465455, 0.005427

0.000000, 0.000000
0.378015, 0.082395
0.720427, 0.060554
0.998267, 0.051591
1.522880, 0.041735
5.201742, 0.022688
9.568340, 0.016800
19.156752, 0.011777
30.168380, 0.009352
39.465454, 0.008140

0.000000, 0.000000
0.371169, 0.109204
0.718450, 0.080665
0.997232, 0.068764
1.522434, 0.055641
5.201703, 0.030251
9.568329, 0.022400
19.156749, 0.015703
30.168379, 0.012470
39.465454, 0.010853

0.000000, 0.000000
0.362428, 0.135456
0.715910, 0.100713
0.995901, 0.085917
1.521861, 0.069542
5.201654, 0.037813
9.568314, 0.027999
19.156745, 0.019628
30.168378, 0.015587
39.465453, 0.013567

0.000000, 0.000000
0.351837, 0.161016
0.712810, 0.120682
0.994276, 0.103045
1.521160, 0.083438
5.201594, 0.045376
9.568297, 0.033599
19.156741, 0.023554
30.168376, 0.018705
39.465452, 0.016280

0.000000, 0.000000
0.339449, 0.185753
0.709152, 0.140556
0.992356, 0.120141
1.520332, 0.097327
5.201523, 0.052938
9.568275, 0.039199
19.156736, 0.027480
30.168374, 0.021822
39.465450, 0.018993

0.000000, 0.000000
0.325328, 0.209543
0.704939, 0.160321
0.990142, 0.137203
1.519378, 0.111207
5.201441, 0.060501
9.568251, 0.044799
19.156729, 0.031406
30.168371, 0.024940
39.465449, 0.021707

0.000001, 0.000000
0.309547, 0.232263
0.700174, 0.179960
0.987635, 0.154224
1.518296, 0.125079
5.201348, 0.068063
9.568224, 0.050399
19.156723, 0.035331
30.168368, 0.028057
39.465447, 0.024420

0.000001, 0.000000
0.292186, 0.253798
0.694861, 0.199458
0.984835, 0.171199
1.517087, 0.138939
5.201244, 0.075625
9.568193, 0.055999
19.156715, 0.039257
30.168365, 0.031175
39.465446, 0.027134

0.000001, 0.000000
0.273334, 0.274037
0.689005, 0.218800
0.981744, 0.188123
1.515751, 0.152789
5.201130, 0.083187
9.568159, 0.061598
19.156706, 0.043183
30.168362, 0.034292
39.465444, 0.029847

0.000001, 0.000000
0.253088, 0.292879
0.682608, 0.237971
0.978362, 0.204992
1.514288, 0.166625
5.201004, 0.090748
9.568121, 0.067198
19.156697, 0.047108
30.168358, 0.037410
39.465441, 0.032560

0.000001, 0.000000
0.231551, 0.310228
0.675678, 0.256955
0.974691, 0.221799
1.512699, 0.180447
5.200867, 0.098310
9.568081, 0.072798
19.156687, 0.051034
30.168354, 0.040527
39.465439, 0.035274

0.000001, 0.000000
0.208834, 0.325994
0.668218, 0.275738
0.970731, 0.238542
1.510983, 0.194255
5.200720, 0.105871
9.568037, 0.078398
19.156676, 0.054960
30.168350, 0.043645
39.465436, 0.037987

0.000002, 0.000000
0.185052, 0.340099
0.660235, 0.294306
0.966483, 0.255213
1.509141, 0.208046
5.200562, 0.113432
9.567990, 0.083997
19.156664, 0.058885
30.168345, 0.046762
39.465434, 0.040700

0.000002, 0.000000
0.160328, 0.352471
0.651735, 0.312642
0.961949, 0.271809
1.507172, 0.221820
5.200392, 0.120993
9.567940, 0.089597
19.156652, 0.062811
30.168340, 0.049879
39.465431, 0.043414

0.000002, 0.000000
0.134787, 0.363048
0.642725, 0.330734
0.957131, 0.288325
1.505078, 0.235575
5.200212, 0.128554
9.567886, 0.095197
19.156639, 0.066737
30.168335, 0.052997
39.465428, 0.046127

0.000002, 0.000000
0.108559, 0.371775
0.633212, 0.348567
0.952029, 0.304755
1.502857, 0.249310
5.200021, 0.136114
9.567829, 0.100796
19.156624, 0.070662
30.168329, 0.056114
39.465424, 0.048840

0.000003, 0.000000
0.081779, 0.378610
0.623202, 0.366127
0.946645, 0.321095
1.500511, 0.263025
5.199819, 0.143674
9.567769, 0.106396
19.156609, 0.074588
30.168323, 0.059232
39.465421, 0.051554

0.000003, 0.000000
0.054582, 0.383518
0.612705, 0.383400
0.940980, 0.337340
1.498039, 0.276717
5.199606, 0.151234
9.567706, 0.111995
19.156594, 0.078514
30.168317, 0.062349
39.465417, 0.054267

0.000003, 0.000000
0.027108, 0.386474
0.601727, 0.400373
0.935038, 0.353485
1.495443, 0.290387
5.199382, 0.158793
9.567639, 0.117595
19.156577, 0.082439
30.168310, 0.065467
39.465413, 0.056980

0.000003, 0.000000
-0.000504, 0.387465
0.590278, 0.417032
0.928818, 0.369525
1.492720, 0.304032
5.199147, 0.166352
9.567570, 0.123194
19.156560, 0.086365
30.168303, 0.068584
39.465409, 0.059694

0.000004, 0.000000
-0.028114, 0.386486
0.578367, 0.433365
0.922323, 0.385456
1.489874, 0.317652
5.198901, 0.173911
9.567497, 0.128794
19.156542, 0.090291
30.168296, 0.071702
39.465405, 0.062407

0.000004, 0.000000
-0.055580, 0.383542
0.566003, 0.449358
0.915555, 0.401273
1.486902, 0.331245
5.198644, 0.181469
9.567420, 0.134393
19.156523, 0.094216
30.168288, 0.074819
39.465400, 0.065120

0.000004, 0.000000
-0.082764, 0.378649
0.553195, 0.464999
0.908516, 0.416971
1.483806, 0.344810
5.198377, 0.189027
9.567341, 0.139992
19.156503, 0.098142
30.168280, 0.077937
39.465396, 0.067834

0.000005, 0.000000
-0.109528, 0.371833
0.539953, 0.480275
0.901209, 0.432545
1.480586, 0.358347
5.198098, 0.196585
9.567258, 0.145592
19.156482, 0.102068
30.168272, 0.081054
39.465391, 0.070547

0.000005, 0.000000
-0.135735, 0.363129
0.526289, 0.495175
0.893634, 0.447992
1.477242, 0.371853
5.197809, 0.204142
9.567172, 0.151191
19.156461, 0.105993
30.168263, 0.084171
39.465386, 0.073260

0.000005, 0.000000
-0.161254, 0.352581
0.512211, 0.509687
0.885795, 0.463306
1.473775, 0.385329
5.197508, 0.211699
9.567083, 0.156790
19.156438, 0.109919
30.168254, 0.087289
39.465380, 0.075974

0.000006, 0.000000
-0.185953, 0.340244
0.497733, 0.523799
0.877693, 0.478482
1.470184, 0.398772
5.197197, 0.219255
9.566990, 0.162389
19.156415, 0.113845
30.168245, 0.090406
39.465375, 0.078687

0.000006, 0.000000
-0.209710, 0.326180
0.482864, 0.537500
0.869332, 0.493517
1.466470, 0.412182
5.196875, 0.226811
9.566895, 0.167988
19.156392, 0.117770
30.168235, 0.093524
39.465369, 0.081400

0.000007, 0.000000
-0.232402, 0.310463
0.467616, 0.550780
0.860713, 0.508406
1.462633, 0.425557
5.196542, 0.234366
9.566796, 0.173587
19.156367, 0.121696
30.168225, 0.096641
39.465364, 0.084114

0.000007, 0.000000
-0.253917, 0.293170
0.452002, 0.563629
0.851839, 0.523144
1.458674, 0.438897
5.196197, 0.241921
9.566693, 0.179186
19.156342, 0.125621
30.168215, 0.099759
39.465358, 0.086827

0.000008, 0.000001
-0.274143, 0.274392
0.436034, 0.576035
0.842713, 0.537727
1.454594, 0.452200
5.195843, 0.249475
9.566588, 0.184785
19.156315, 0.129547
30.168204, 0.102876
39.465351, 0.089540

0.000008, 0.000001
-0.292981, 0.254223
0.419723, 0.587989
0.833338, 0.552151
1.450391, 0.465465
5.195477, 0.257029
9.566479, 0.190384
19.156288, 0.133473
30.168193, 0.105994
39.465345, 0.092254

0.000008, 0.000001
-0.310333, 0.232766
0.403083, 0.599482
0.823716, 0.566412
1.446067, 0.478691
5.195100, 0.264583
9.566367, 0.195983
19.156260, 0.137398
30.168182, 0.109111
39.465338, 0.094967

0.000009, 0.000001
-0.326114, 0.210129
0.386127, 0.610504
0.813850, 0.580505
1.441622, 0.491877
5.194712, 0.272135
9.566252, 0.201582
19.156232, 0.141324
30.168171, 0.112229
39.465332, 0.097681

0.000009, 0.000001
-0.340242, 0.186428
0.368868, 0.621048
0.803743, 0.594426
1.437056, 0.505022
5.194313, 0.279687
9.566134, 0.207180
19.156202, 0.145249
30.168159, 0.115346
39.465325, 0.100394

0.000010, 0.000001
-0.352647, 0.161783
0.351319, 0.631104
0.793398, 0.608171
1.432370, 0.518125
5.193904, 0.287239
9.566012, 0.212779
19.156172, 0.149175
30.168146, 0.118463
39.465318, 0.103107

0.000010, 0.000001
-0.363267, 0.136319
0.333495, 0.640665
0.782818, 0.621736
1.427565, 0.531184
5.193484, 0.294790
9.565887, 0.218377
19.156141, 0.153101
30.168134, 0.121581
39.465310, 0.105821

0.000011, 0.000001
-0.372047, 0.110164
0.315409, 0.649723
0.772007, 0.635117
1.422640, 0.544199
5.193052, 0.302340
9.565759, 0.223976
19.156109, 0.157026
30.168121, 0.124698
39.465303, 0.108534

0.000011, 0.000001
-0.378943, 0.083452
0.297076, 0.658271
0.760967, 0.648310
1.417595, 0.557169
5.192610, 0.309890
9.565627, 0.229574
19.156076, 0.160952
30.168108, 0.127816
39.465295, 0.111247

0.000012, 0.000001
-0.383922, 0.056317
0.278509, 0.666302
0.749702, 0.661311
1.412432, 0.570091
5.192157, 0.317439
9.565493, 0.235172
19.156042, 0.164877
30.168094, 0.130933
39.465287, 0.113961

0.000013, 0.000001
-0.386956, 0.028898
0.259723, 0.673809
0.738214, 0.674116
1.407151, 0.582966
5.191693, 0.324987
9.565355, 0.240770
19.156008, 0.168803
30.168081, 0.134051
39.465279, 0.116674

0.000013, 0.000001
-0.388032, 0.001332
0.240734, 0.680788
0.726509, 0.686722
1.401753, 0.595792
5.191218, 0.332535
9.565214, 0.246369
19.155973, 0.172728
30.168066, 0.137168
39.465271, 0.119387

0.000014, 0.000001
-0.387144, -0.026241
0.221555, 0.687232
0.714588, 0.699124
1.396236, 0.608569
5.190732, 0.340082
9.565069, 0.251967
19.155937, 0.176654
30.168052, 0.140285
39.465262, 0.122101

0.000014, 0.000001
-0.384296, -0.053681
0.202202, 0.693135
0.702455, 0.711320
1.390603, 0.621294
5.190235, 0.347628
9.564922, 0.257565
19.155900, 0.180579
30.168037, 0.143403
39.465254, 0.124814

0.000015, 0.000001
-0.379502, -0.080849
0.182691, 0.698494
0.690115, 0.723304
1.384854, 0.633968
5.189727, 0.355174
9.564771, 0.263162
19.155863, 0.184505
30.168022, 0.146520
39.465245, 0.127527

0.000016, 0.000001
-0.372788, -0.107608
0.163036, 0.703304
0.677571, 0.735075
1.378989, 0.646588
5.189209, 0.362719
9.564617, 0.268760
19.155824, 0.188430
30.168006, 0.149638
39.465236, 0.130241

0.000016, 0.000002
-0.364186, -0.133822
0.143253, 0.707562
0.664826, 0.746628
1.373008, 0.659154
5.188679, 0.370263
9.564459, 0.274358
19.155785, 0.192356
30.167991, 0.152755
39.465226, 0.132954

0.000017, 0.000002
-0.353740, -0.159359
0.123357, 0.711263
0.651884, 0.757960
1.366912, 0.671665
5.188139, 0.377806
9.564299, 0.279955
19.155745, 0.196281
30.167974, 0.155873
39.465217, 0.135667

0.000018, 0.000002
-0.341502, -0.184088
0.103364, 0.714404
0.638749, 0.769068
1.360702, 0.684120
5.187588, 0.385349
9.564135, 0.285553
19.155704, 0.200207
30.167958, 0.158990
39.465207, 0.138381

0.000018, 0.000002
-0.327535, -0.207885
0.083290, 0.716984
0.625425, 0.779948
1.354378, 0.696517
5.187025, 0.392890
9.563968, 0.291150
19.155663, 0.204132
30.167941, 0.162107
39.465198, 0.141094

0.000019, 0.000002
-0.311909, -0.230629
0.063151, 0.719001
0.611916, 0.790597
1.347941, 0.708856
5.186452, 0.400431
9.563797, 0.296748
19.155620, 0.208058
30.167924, 0.165225
39.465188, 0.143807

0.000020, 0.000002
-0.294702, -0.252205
0.042962, 0.720451
0.598226, 0.801012
1.341390, 0.721136
5.185868, 0.407971
9.563624, 0.302345
19.155577, 0.211983
30.167907, 0.168342
39.465177, 0.146521

0.000020, 0.000002
-0.276002, -0.272503
0.022739, 0.721335
0.584358, 0.811190
1.334728, 0.733355
5.185274, 0.415510
9.563447, 0.307942
19.155533, 0.215909
30.167889, 0.171460
39.465167, 0.149234

0.000021, 0.000002
-0.255903, -0.291419
0.002498, 0.721651
0.570318, 0.821128
1.327953, 0.745513
5.184668, 0.423049
9.563267, 0.313539
19.155488, 0.219834
30.167871, 0.174577
39.465156, 0.151947

0.000022, 0.000002
-0.234506, -0.308858
-0.017745, 0.721399
0.556109, 0.830823
1.321068, 0.757609
5.184051, 0.430586
9.563084, 0.319136
19.155442, 0.223760
30.167853, 0.177695
39.465146, 0.154661

0.000023, 0.000002
-0.211920, -0.324731
-0.037973, 0.720579
0.541736, 0.840272
1.314072, 0.769641
5.183424, 0.438123
9.562897, 0.324733
19.155396, 0.227685
30.167834, 0.180812
39.465135, 0.157374

0.000023, 0.000003
-0.188259, -0.338957
-0.058172, 0.719192
0.527202, 0.849472
1.306966, 0.781609
5.182785, 0.445658
9.562707, 0.330329
19.155349, 0.231611
30.167815, 0.183929
39.465124, 0.160087

0.000024, 0.000003
-0.163643, -0.351463
-0.078325, 0.717239
0.512512, 0.858421
1.299750, 0.793511
5.182136, 0.453193
9.562514, 0.335926
19.155301, 0.235536
30.167795, 0.187047
39.465112, 0.162801

0.000025, 0.000003
-0.138196, -0.362185
-0.098416, 0.714721
0.497670, 0.867115
1.292426, 0.805347
5.181476, 0.460726
9.562318, 0.341522
19.155252, 0.239461
30.167776, 0.190164
39.465101, 0.165514

0.000026, 0.000003
-0.112047, -0.371068
-0.118430, 0.711640
0.482681, 0.875553
1.284993, 0.817115
5.180805, 0.468259
9.562118, 0.347119
19.155202, 0.243387
30.167756, 0.193282
39.465089, 0.168227

0.000026, 0.000003
-0.085329, -0.378067
-0.138350, 0.707999
0.467550, 0.883732
1.277453, 0.828815
5.180123, 0.475791
9.561916, 0.352715
19.155151, 0.247312
30.167735, 0.196399
39.465077, 0.170941

0.000027, 0.000003
-0.058178, -0.383146
-0.158162, 0.703800
0.452280, 0.891649
1.269805, 0.840445
5.179430, 0.483322
9.561710, 0.358311
19.155100, 0.251237
30.167715, 0.199516
39.465065, 0.173654

0.000028, 0.000003
-0.030731, -0.386277
-0.177848, 0.699046
0.436876, 0.899303
1.262052, 0.852005
5.178726, 0.490851
9.561500, 0.363907
19.155048, 0.255163
30.167694, 0.202634
39.465053, 0.176367

0.000029, 0.000003
-0.003127, -0.387445
-0.197395, 0.693741
0.421343, 0.906690
1.254192, 0.863494
5.178012, 0.498380
9.561288, 0.369503
19.154995, 0.259088
30.167672, 0.205751
39.465040, 0.179080

0.000030, 0.000004
0.024492, -0.386643
-0.216785, 0.687890
0.405685, 0.913809
1.246228, 0.874910
5.177286, 0.505908
9.561072, 0.375098
19.154941, 0.263014
30.167651, 0.208869
39.465028, 0.181794

0.000031, 0.000004
0.051987, -0.383874
-0.236005, 0.681496
0.389907, 0.920658
1.238159, 0.886253
5.176550, 0.513434
9.560853, 0.380694
19.154887, 0.266939
30.167629, 0.211986
39.465015, 0.184507

0.000032, 0.000004
0.079218, -0.379153
-0.255039, 0.674565
0.374013, 0.927234
1.229987, 0.897521
5.175803, 0.520960
9.560631, 0.386289
19.154831, 0.270864
30.167606, 0.215103
39.465002, 0.187220

0.000032, 0.000004
0.106046, -0.372501
-0.273872, 0.667101
0.358010, 0.933535
1.221711, 0.908715
5.175045, 0.528484
9.560405, 0.391885
19.154775, 0.274789
30.167584, 0.218221
39.464988, 0.189934

0.000033, 0.000004
0.132334, -0.363953
-0.292488, 0.659112
0.341900, 0.939561
1.213333, 0.919832
5.174276, 0.536007
9.560177, 0.397480
19.154718, 0.278715
30.167561, 0.221338
39.464975, 0.192647

0.000034, 0.000004
0.157949, -0.353551
-0.310874, 0.650603
0.325689, 0.945308
1.204854, 0.930872
5.173496, 0.543529
9.559945, 0.403075
19.154660, 0.282640
30.167537, 0.224455
39.464961, 0.195360

0.000035, 0.000004
0.182758, -0.341348
-0.329015, 0.641581
0.309381, 0.950775
1.196273, 0.941835
5.172705, 0.551050
9.559709, 0.408670
19.154602, 0.286565
30.167514, 0.227573
39.464948, 0.198074

0.000036, 0.000005
0.206637, -0.327406
-0.346896, 0.632052
0.292982, 0.955962
1.187593, 0.952718
5.171904, 0.558570
9.559471, 0.414265
19.154542, 0.290491
30.167490, 0.230690
39.464934, 0.200787

0.000037, 0.000005
0.229463, -0.311794
-0.364503, 0.622025
0.276497, 0.960865
1.178812, 0.963521
5.171091, 0.566089
9.559229, 0.419860
19.154482, 0.294416
30.167466, 0.233808
39.464919, 0.203500

0.000038, 0.000005
0.251119, -0.294594
-0.381822, 0.611507
0.259929, 0.965484
1.169933, 0.974244
5.170268, 0.573607
9.558984, 0.425454
19.154421, 0.298341
30.167441, 0.236925
39.464905, 0.206214

0.000039, 0.000005
0.271494, -0.275890
-0.398840, 0.600506
0.243285, 0.969817
1.160956, 0.984885
5.169434, 0.581123
9.558736, 0.431048
19.154359, 0.302266
30.167416, 0.240042
39.464890, 0.208927

0.000040, 0.000005
0.290485, -0.255779
-0.415543, 0.589031
0.226569, 0.973864
1.151882, 0.995444
5.168589, 0.588638
9.558485, 0.436643
19.154297, 0.306191
30.167391, 0.243160
39.464876, 0.211640

0.000041, 0.000005
0.307994, -0.234364
-0.431918, 0.577091
0.209786, 0.977622
1.142711, 1.005919
5.167733, 0.596152
9.558230, 0.442237
19.154233, 0.310117
30.167365, 0.246277
39.464861, 0.214354

0.000042, 0.000006
0.323931, -0.211752
-0.447952, 0.564695
0.192940, 0.981091
1.133444, 1.016309
5.166866, 0.603664
9.557972, 0.447831
19.154169, 0.314042
30.167339, 0.249394
39.464846, 0.217067

0.000043, 0.000006
0.338216, -0.188059
-0.463632, 0.551854
0.176038, 0.984269
1.124083, 1.026615
5.165989, 0.611176
9.557711, 0.453425
19.154104, 0.317967
30.167313, 0.252512
39.464830, 0.219780

0.000044, 0.000006
0.350773, -0.163406
-0.478946, 0.538576
0.159084, 0.987157
1.114627, 1.036834
5.165100, 0.618686
9.557447, 0.459018
19.154038, 0.321892
30.167287, 0.255629
39.464815, 0.222494

0.000045, 0.000006
0.361541, -0.137919
-0.493882, 0.524873
0.142082, 0.989752
1.105077, 1.046967
5.164201, 0.626194
9.557179, 0.464612
19.153972, 0.325817
30.167260, 0.258747
39.464799, 0.225207

0.000046, 0.000006
0.370462, -0.111728
-0.508427, 0.510755
0.125039, 0.992054
1.095435, 1.057012
5.163291, 0.633702
9.556908, 0.470205
19.153904, 0.329742
30.167232, 0.261864
39.464783, 0.227920

0.000047, 0.000006
0.377491, -0.084966
-0.522570, 0.496234
0.107958, 0.994063
1.085702, 1.066968
5.162370, 0.641208
9.556634, 0.475798
19.153836, 0.333668
30.167205, 0.264981
39.464767, 0.230633

0.000048, 0.000007
0.382593, -0.057770
-0.536301, 0.481321
0.090846, 0.995778
1.075877, 1.076834
5.161438, 0.648713
9.556357, 0.481391
19.153767, 0.337593
30.167177, 0.268099
39.464751, 0.233347

0.000049, 0.000007
0.385741, -0.030279
-0.549607, 0.466027
0.073706, 0.997199
1.065962, 1.086611
5.160496, 0.656216
9.556076, 0.486984
19.153697, 0.341518
30.167149, 0.271216
39.464734, 0.236060

0.000050, 0.000007
0.386919, -0.002633
-0.562479, 0.450365
0.056545, 0.998324
1.055957, 1.096296
5.159542, 0.663718
9.555792, 0.492577
19.153626, 0.345443
30.167120, 0.274333
39.464718, 0.238773

0.000051, 0.000007
0.386121, 0.025026
-0.574907, 0.434347
0.039368, 0.999154
1.045864, 1.105889
5.158578, 0.671218
9.555505, 0.498169
19.153555, 0.349368
30.167092, 0.277451
39.464701, 0.241487

0.000052, 0.000007
0.383351, 0.052558
-0.586880, 0.417986
0.022178, 0.999688
1.035684, 1.115389
5.157603, 0.678718
9.555215, 0.503762
19.153482, 0.353293
30.167062, 0.280568
39.464684, 0.244200

0.000054, 0.000008
0.378623, 0.079821
-0.598389, 0.401294
0.004983, 0.999926
1.025416, 1.124796
5.156617, 0.686215
9.554921, 0.509354
19.153409, 0.357218
30.167033, 0.283685
39.464667, 0.246913

0.000055, 0.000008
0.371962, 0.106676
-0.609424, 0.384285
-0.012215, 0.999869
1.015063, 1.134109
5.155620, 0.693712
9.554625, 0.514946
19.153335, 0.361143
30.167003, 0.286803
39.464649, 0.249627

0.000056, 0.000008
0.363402, 0.132987
-0.619978, 0.366972
-0.029408, 0.999516
1.004624, 1.143326
5.154613, 0.701207
9.554325, 0.520538
19.153260, 0.365068
30.166973, 0.289920
39.464631, 0.252340

0.000057, 0.000008
0.352986, 0.158619
-0.630042, 0.349369
-0.046593, 0.998867
0.994101, 1.152447
5.153594, 0.708700
9.554021, 0.526129
19.153185, 0.368993
30.166943, 0.293037
39.464614, 0.255053

0.000058, 0.000008
0.340769, 0.183441
-0.639607, 0.331490
-0.063765, 0.997923
0.983495, 1.161472
5.152565, 0.716192
9.553715, 0.531721
19.153108, 0.372918
30.166912, 0.296155
39.464596, 0.257766

0.000059, 0.000009
0.326812, 0.207326
-0.648666, 0.313348
-0.080917, 0.996684
0.972806, 1.170400
5.151525, 0.723682
9.553405, 0.537312
19.153031, 0.376843
30.166881, 0.299272
39.464577, 0.260480

0.000060, 0.000009
0.311187, 0.230153
-0.657212, 0.294959
-0.098045, 0.995149
0.962035, 1.179229
5.150474, 0.731171
9.553092, 0.542903
19.152953, 0.380768
30.166849, 0.302389
39.464559, 0.263193

0.000062, 0.000009
0.293975, 0.251806
-0.665238, 0.276336
-0.115144, 0.993321
0.951184, 1.187959
5.149412, 0.738658
9.552776, 0.548494
19.152874, 0.384693
30.166817, 0.305506
39.464541, 0.265906

0.000063, 0.000009
0.275263, 0.272174
-0.672738, 0.257494
-0.132209, 0.991198
0.940253, 1.196589
5.148340, 0.746144
9.552456, 0.554085
19.152795, 0.388618
30.166785, 0.308624
39.464522, 0.268620

0.000064, 0.000010
0.255147, 0.291154
-0.679705, 0.238449
-0.149236, 0.988783
0.929243, 1.205119
5.147256, 0.753628
9.552134, 0.559675
19.152714, 0.392542
30.166753, 0.311741
39.464503, 0.271333

0.000065, 0.000010
0.233731, 0.308650
-0.686135, 0.219216
-0.166217, 0.986075
0.918156, 1.213548
5.146162, 0.761111
9.551808, 0.565266
19.152633, 0.396467
30.166720, 0.314858
39.464484, 0.274046

0.000066, 0.000010
0.211123, 0.324571
-0.692021, 0.199808
-0.183150, 0.983075
0.906991, 1.221875
5.145057, 0.768592
9.551479, 0.570856
19.152551, 0.400392
30.166687, 0.317976
39.464464, 0.276759

0.000068, 0.000010
0.187439, 0.338838
-0.697360, 0.180243
-0.200029, 0.979784
0.895750, 1.230099
5.143941, 0.776072
9.551146, 0.576446
19.152468, 0.404317
30.166654, 0.321093
39.464445, 0.279473

0.000069, 0.000011
0.162801, 0.351379
-0.702148, 0.160535
-0.216848, 0.976204
0.884434, 1.238220
5.142815, 0.783549
9.550811, 0.582036
19.152385, 0.408242
30.166620, 0.324210
39.464425, 0.282186

0.000070, 0.000011
0.137334, 0.362130
-0.706379, 0.140700
-0.233603, 0.972335
0.873043, 1.246238
5.141678, 0.791025
9.550472, 0.587625
19.152300, 0.412167
30.166586, 0.327328
39.464405, 0.284899

0.000071, 0.000011
0.111167, 0.371037
-0.710051, 0.120754
-0.250289, 0.968178
0.861580, 1.254150
5.140529, 0.798500
9.550130, 0.593215
19.152215, 0.416091
30.166552, 0.330445
39.464385, 0.287613

0.000073, 0.000011
0.084435, 0.378055
-0.713162, 0.100712
-0.266901, 0.963736
0.850044, 1.261957
5.139370, 0.805973
9.549784, 0.598804
19.152129, 0.420016
30.166517, 0.333562
39.464365, 0.290326

0.000074, 0.000012
0.057274, 0.383148
-0.715708, 0.080591
-0.283434, 0.959008
0.838436, 1.269659
5.138201, 0.813444
9.549436, 0.604393
19.152042, 0.423941
30.166482, 0.336679
39.464344, 0.293039

0.000075, 0.000012
0.029822, 0.386293
-0.717687, 0.060406
-0.299883, 0.953996
0.826758, 1.277253
5.137020, 0.820913
9.549084, 0.609982
19.151954, 0.427866
30.166447, 0.339797
39.464324, 0.295752

0.000077, 0.000012
0.002218, 0.387472
-0.719098, 0.040173
-0.316243, 0.948702
0.815011, 1.284741
5.135829, 0.828381
9.548729, 0.615570
19.151866, 0.431790
30.166411, 0.342914
39.464303, 0.298466

0.000078, 0.000012
-0.025396, 0.386682
-0.719941, 0.019908
-0.332510, 0.943128
0.803196, 1.292120
5.134627, 0.835847
9.548370, 0.621159
19.151777, 0.435715
30.166375, 0.346031
39.464282, 0.301179

0.000079, 0.000013
-0.052881, 0.383926
-0.720213, -0.000373
-0.348678, 0.937275
0.791313, 1.299391
5.133414, 0.843311
9.548009, 0.626747
19.151687, 0.439640
30.166339, 0.349148
39.464261, 0.303892

0.000081, 0.000013
-0.080097, 0.379220
-0.719915, -0.020653
-0.364744, 0.931144
0.779363, 1.306553
5.132190, 0.850773
9.547644, 0.632335
19.151596, 0.443564
30.166302, 0.352266
39.464239, 0.306605

0.000082, 0.000013
-0.106905, 0.372587
-0.719047, -0.040917
-0.380701, 0.924739
0.767348, 1.313605
5.130956, 0.858234
9.547276, 0.637923
19.151504, 0.447489
30.166265, 0.355383
39.464218, 0.309319

0.000083, 0.000014
-0.133171, 0.364062
-0.717611, -0.061149
-0.396546, 0.918059
0.755269, 1.320546
5.129710, 0.865693
9.546905, 0.643510
19.151411, 0.451414
30.166228, 0.358500
39.464196, 0.312032

0.000085, 0.000014
-0.158760, 0.353689
-0.715606, -0.081332
-0.412273, 0.911109
0.743126, 1.327377
5.128454, 0.873150
9.546530, 0.649098
19.151318, 0.455338
30.166190, 0.361617
39.464174, 0.314745

0.000086, 0.000014
-0.183542, 0.341522
-0.713034, -0.101450
-0.427879, 0.903889
0.730921, 1.334096
5.127188, 0.880605
9.546152, 0.654685
19.151224, 0.459263
30.166152, 0.364735
39.464152, 0.317459

0.000087, 0.000014
-0.207393, 0.327621
-0.709899, -0.121489
-0.443358, 0.896401
0.718654, 1.340703
5.125910, 0.888058
9.545771, 0.660272
19.151129, 0.463187
30.166114, 0.367852
39.464129, 0.320172

0.000089, 0.000015
-0.230192, 0.312059
-0.706201, -0.141431
-0.458706, 0.888649
0.706327, 1.347197
5.124622, 0.895510
9.545387, 0.665858
19.151033, 0.467112
30.166075, 0.370969
39.464107, 0.322885

0.000090, 0.000015
-0.251823, 0.294915
-0.701945, -0.161261
-0.473918, 0.880633
0.693941, 1.353579
5.123323, 0.902959
9.545000, 0.671445
19.150937, 0.471036
30.166036, 0.374086
39.464084, 0.325598

0.000092, 0.000015
-0.272176, 0.276275
-0.697133, -0.180964
-0.488990, 0.872358
0.681496, 1.359846
5.122013, 0.910407
9.544609, 0.677031
19.150839, 0.474961
30.165997, 0.377204
39.464061, 0.328312

0.000093, 0.000016
-0.291150, 0.256236
-0.691769, -0.200524
-0.503917, 0.863824
0.668994, 1.365999
5.120692, 0.917853
9.544215, 0.682617
19.150741, 0.478885
30.165958, 0.380321
39.464038, 0.331025

0.000094, 0.000016
-0.308648, 0.234898
-0.685857, -0.219924
-0.518696, 0.855035
0.656436, 1.372037
5.119361, 0.925296
9.543818, 0.688203
19.150642, 0.482810
30.165918, 0.383438
39.464014, 0.333738

0.000096, 0.000016
-0.324582, 0.212370
-0.679403, -0.239151
-0.533321, 0.845993
0.643823, 1.377960
5.118019, 0.932738
9.543417, 0.693788
19.150542, 0.486734
30.165877, 0.386555
39.463991, 0.336451

0.000097, 0.000017
-0.338871, 0.188766
-0.672411, -0.258189
-0.547788, 0.836701
0.631155, 1.383767
5.116666, 0.940178
9.543014, 0.699374
19.150442, 0.490659
30.165837, 0.389672
39.463967, 0.339165

0.000099, 0.000017
-0.351444, 0.164207
-0.664888, -0.277022
-0.562093, 0.827162
0.618435, 1.389458
5.115302, 0.947616
9.542607, 0.704959
19.150340, 0.494583
30.165796, 0.392790
39.463943, 0.341878

0.000100, 0.000017
-0.362236, 0.138816
-0.656838, -0.295636
-0.576232, 0.817378
0.605663, 1.395032
5.113928, 0.955052
9.542197, 0.710543
19.150238, 0.498507
30.165755, 0.395907
39.463919, 0.344591

0.000102, 0.000017
-0.371194, 0.112722
-0.648268, -0.314016
-0.590200, 0.807353
0.592839, 1.400488
5.112543, 0.962486
9.541783, 0.716128
19.150135, 0.502432
30.165713, 0.399024
39.463895, 0.347304

0.000103, 0.000018
-0.378272, 0.086058
-0.639185, -0.332148
-0.603994, 0.797088
0.579966, 1.405827
5.111147, 0.969918
9.541367, 0.721712
19.150031, 0.506356
30.165671, 0.402141
39.463870, 0.350018

0.000105, 0.000018
-0.383434, 0.058958
-0.629597, -0.350017
-0.617610, 0.786589
0.567044, 1.411048
5.109741, 0.977348
9.540947, 0.727296
19.149926, 0.510280
30.165629, 0.405258
39.463846, 0.352731

0.000106, 0.000018
-0.386655, 0.031560
-0.619511, -0.367609
-0.631043, 0.775856
0.554075, 1.416150
5.108323, 0.984776
9.540524, 0.732880
19.149821, 0.514205
30.165587, 0.408376
39.463821, 0.355444

0.000108, 0.000019
-0.387919, 0.004002
-0.608934, -0.384910
-0.644289, 0.764894
0.541058, 1.421132
5.106895, 0.992201
9.540098, 0.738464
19.149715, 0.518129
30.165544, 0.411493
39.463796, 0.358157

0.000109, 0.000019
-0.387218, -0.023576
-0.597876, -0.401907
-0.657344, 0.753706
0.527997, 1.425996
5.105457, 0.999625
9.539668, 0.744047
19.149608, 0.522053
30.165501, 0.414610
39.463771, 0.360870

0.000111, 0.000019
-0.384557, -0.051034
-0.586345, -0.418586
-0.670206, 0.742296
0.514891, 1.430739
5.104007, 1.007047
9.539235, 0.749630
19.149500, 0.525978
30.165457, 0.417727
39.463745, 0.363584

0.000112, 0.000020
-0.379948, -0.078234
-0.574351, -0.434934
-0.682869, 0.730665
0.501741, 1.435362
5.102547, 1.014466
9.538799, 0.755213
19.149391, 0.529902
30.165413, 0.420844
39.463720, 0.366297

0.000114, 0.000020
-0.373415, -0.105038
-0.561902, -0.450939
-0.695330, 0.718819
0.488550, 1.439864
5.101076, 1.021884
9.538360, 0.760796
19.149282, 0.533826
30.165369, 0.423961
39.463694, 0.369010

0.000115, 0.000020
-0.364992, -0.131310
-0.549009, -0.466586
-0.707585, 0.706760
0.475317, 1.444245
5.099595, 1.029299
9.537917, 0.766378
19.149171, 0.537750
30.165325, 0.427079
39.463668, 0.371723

0.000117, 0.000021
-0.354720, -0.156917
-0.535682, -0.481865
-0.719632, 0.694493
0.462045, 1.448504
5.098102, 1.036712
9.537472, 0.771960
19.149060, 0.541674
30.165280, 0.430196
39.463642, 0.374437

0.000118, 0.000021
-0.342650, -0.181730
-0.521931, -0.496763
-0.731465, 0.682020
0.448733, 1.452641
5.096599, 1.044123
9.537023, 0.777542
19.148948, 0.545598
30.165235, 0.433313
39.463615, 0.377150

0.000120, 0.000021
-0.328845, -0.205622
-0.507768, -0.511269
-0.743082, 0.669345
0.435384, 1.456657
5.095086, 1.051531
9.536571, 0.783124
19.148835, 0.549522
30.165190, 0.436430
39.463589, 0.379863

0.000122, 0.000022
-0.313374, -0.228472
-0.493203, -0.525370
-0.754480, 0.656473
0.421998, 1.460549
5.093561, 1.058938
9.536115, 0.788705
19.148722, 0.553447
30.165144, 0.439547
39.463562, 0.382576

0.000123, 0.000022
-0.296314, -0.250165
-0.478249, -0.539057
-0.765654, 0.643406
0.408577, 1.464319
5.092026, 1.066342
9.535657, 0.794286
19.148608, 0.557371
30.165098, 0.442664
39.463535, 0.385290

0.000125, 0.000022
-0.277752, -0.270590
-0.462916, -0.552317
-0.776603, 0.630149
0.395121, 1.467965
5.090481, 1.073744
9.535195, 0.799867
19.148492, 0.561295
30.165051, 0.445781
39.463508, 0.388003

0.000126, 0.000023
-0.257782, -0.289643
-0.447218, -0.565141
-0.787321, 0.616706
0.381632, 1.471488
5.088924, 1.081144
9.534730, 0.805447
19.148377, 0.565219
30.165005, 0.448898
39.463481, 0.390716

0.000128, 0.000023
-0.236504, -0.307227
-0.431167, -0.577519
-0.797807, 0.603081
0.368111, 1.474887
5.087357, 1.088541
9.534261, 0.811028
19.148260, 0.569143
30.164957, 0.452016
39.463453, 0.393429

0.000130, 0.000023
-0.214026, -0.323254
-0.414775, -0.589440
-0.808056, 0.589278
0.354559, 1.478161
5.085779, 1.095936
9.533790, 0.816607
19.148142, 0.573067
30.164910, 0.455133
39.463425, 0.396142

0.000131, 0.000024
-0.190462, -0.337641
-0.398055, -0.600896
-0.818067, 0.575300
0.340977, 1.481312
5.084191, 1.103329
9.533315, 0.822187
19.148024, 0.576990
30.164862, 0.458250
39.463397, 0.398856

0.000133, 0.000024
-0.165931, -0.350315
-0.381021, -0.611878
-0.827836, 0.561152
0.327366, 1.484337
5.082591, 1.110720
9.532837, 0.827767
19.147905, 0.580914
30.164814, 0.461367
39.463369, 0.401569

0.000135, 0.000025
-0.140557, -0.361210
-0.363686, -0.622377
-0.837361, 0.546839
0.313728, 1.487237
5.080982, 1.118108
9.532356, 0.833346
19.147785, 0.584838
30.164766, 0.464484
39.463341, 0.404282

0.000136, 0.000025
-0.114468, -0.370272
-0.346064, -0.632384
-0.846637, 0.532363
0.300064, 1.490012
5.079361, 1.125494
9.531871, 0.838925
19.147664, 0.588762
30.164717, 0.467601
39.463313, 0.406995

0.000138, 0.000025
-0.087798, -0.377453
-0.328168, -0.641892
-0.855664, 0.517731
0.286374, 1.492662
5.077730, 1.132877
9.531383, 0.844503
19.147542, 0.592686
30.164668, 0.470718
39.463284, 0.409708

0.000140, 0.000026
-0.060681, -0.382717
-0.310014, -0.650894
-0.864437, 0.502945
0.272660, 1.495186
5.076088, 1.140258
9.530892, 0.850081
19.147420, 0.596610
30.164619, 0.473835
39.463255, 0.412422

0.000141, 0.000026
-0.033255, -0.386036
-0.291614, -0.659382
-0.872955, 0.488011
0.258923, 1.497584
5.074435, 1.147637
9.530398, 0.855659
19.147297, 0.600534
30.164569, 0.476952
39.463226, 0.415135

0.000143, 0.000026
-0.005659, -0.387392
-0.272985, -0.667349
-0.881215, 0.472932
0.245164, 1.499855
5.072772, 1.155013
9.529901, 0.861237
19.147172, 0.604457
30.164519, 0.480069
39.463197, 0.417848

0.000145, 0.000027
0.021966, -0.386779
-0.254140, -0.674791
-0.889214, 0.457714
0.231385, 1.502001
5.071099, 1.162387
9.529400, 0.866815
19.147048, 0.608381
30.164469, 0.483186
39.463167, 0.420561

0.000147, 0.000027
0.049480, -0.384198
-0.235095, -0.681700
-0.896950, 0.442360
0.217586, 1.504019
5.069414, 1.169759
9.528896, 0.872392
19.146922, 0.612305
30.164418, 0.486304
39.463138, 0.423274

0.000148, 0.000027
0.076743, -0.379662
-0.215864, -0.688071
-0.904422, 0.426876
0.203769, 1.505911
5.067719, 1.177128
9.528389, 0.877968
19.146796, 0.616228
30.164367, 0.489421
39.463108, 0.425988

0.000150, 0.000028
0.103617, -0.373193
-0.196462, -0.693900
-0.911625, 0.411265
0.189935, 1.507676
5.066013, 1.184494
9.527879, 0.883545
19.146668, 0.620152
30.164316, 0.492538
39.463078, 0.428701

0.000152, 0.000028
0.129964, -0.364825
-0.176906, -0.699182
-0.918560, 0.395533
0.176085, 1.509314
5.064297, 1.191858
9.527365, 0.889121
19.146540, 0.624076
30.164264, 0.495655
39.463048, 0.431414

0.000154, 0.000028
0.155649, -0.354598
-0.157210, -0.703913
-0.925223, 0.379684
0.162220, 1.510825
5.062570, 1.199220
9.526848, 0.894697
19.146411, 0.627999
30.164212, 0.498772
39.463017, 0.434127

0.000155, 0.000029
0.180543, -0.342565
-0.137390, -0.708089
-0.931612, 0.363723
0.148341, 1.512208
5.060832, 1.206579
9.526328, 0.900273
19.146282, 0.631923
30.164160, 0.501889
39.462987, 0.436840

0.000157, 0.000029
0.204517, -0.328786
-0.117462, -0.711707
-0.937726, 0.347655
0.134450, 1.513464
5.059084, 1.213935
9.525805, 0.905848
19.146151, 0.635846
30.164107, 0.505006
39.462956, 0.439554

0.000159, 0.000030
0.227450, -0.313331
-0.097441, -0.714765
-0.943562, 0.331483
0.120548, 1.514592
5.057325, 1.221289
9.525279, 0.911423
19.146020, 0.639770
30.164055, 0.508123
39.462925, 0.442267

0.000161, 0.000030
0.249224, -0.296279
-0.077343, -0.717259
-0.949120, 0.315214
0.106635, 1.515592
5.055555, 1.228640
9.524749, 0.916998
19.145888, 0.643693
30.164001, 0.511240
39.462894, 0.444980

0.000163, 0.000030
0.269727, -0.277715
-0.057184, -0.719188
-0.954397, 0.298851
0.092714, 1.516465
5.053775, 1.235989
9.524216, 0.922572
19.145755, 0.647617
30.163948, 0.514357
39.462863, 0.447693

0.000165, 0.000031
0.288856, -0.257734
-0.036980, -0.720551
-0.959392, 0.282400
0.078784, 1.517210
5.051985, 1.243335
9.523680, 0.928146
19.145621, 0.651540
30.163894, 0.517474
39.462831, 0.450406

0.000166, 0.000031
0.306512, -0.236439
-0.016747, -0.721347
-0.964103, 0.265866
0.064848, 1.517826
5.050183, 1.250679
9.523140, 0.933720
19.145486, 0.655464
30.163840, 0.520591
39.462799, 0.453119

0.000168, 0.000031
0.322604, -0.213936
0.003500, -0.721575
-0.968530, 0.249253
0.050907, 1.518315
5.048371, 1.258020
9.522598, 0.939294
19.145351, 0.659387
30.163785, 0.523708
39.462768, 0.455833

0.000170, 0.000032
0.337051, -0.190342
0.023744, -0.721234
-0.972670, 0.232567
0.036961, 1.518676
5.046549, 1.265358
9.522052, 0.944867
19.145215, 0.663311
30.163730, 0.526825
39.462735, 0.458546

0.000172, 0.000032
0.349778, -0.165775
0.043969, -0.720326
-0.976522, 0.215812
0.023012, 1.518908
5.044716, 1.272694
9.521503, 0.950440
19.145078, 0.667234
30.163675, 0.529942
39.462703, 0.461259

0.000174, 0.000033
0.360720, -0.140362
0.064160, -0.718851
-0.980086, 0.198993
0.009062, 1.519012
5.042872, 1.280027
9.520950, 0.956012
19.144940, 0.671157
30.163619, 0.533059
39.462671, 0.463972

0.000176, 0.000033
0.369820, -0.114233
0.084301, -0.716811
-0.983360, 0.182115
-0.004890, 1.518988
5.041018, 1.287357
9.520395, 0.961584
19.144802, 0.675080
30.163564, 0.536176
39.462638, 0.466685

0.000178, 0.000033
0.377034, -0.087519
0.104375, -0.714207
-0.986344, 0.165183
-0.018841, 1.518836
5.039153, 1.294684
9.519836, 0.967156
19.144662, 0.679004
30.163507, 0.539293
39.462605, 0.469398

0.000180, 0.000034
0.382322, -0.060359
0.124368, -0.711041
-0.989036, 0.148203
-0.032790, 1.518556
5.037277, 1.302009
9.519274, 0.972728
19.144522, 0.682927
30.163451, 0.542410
39.462572, 0.472112

0.000182, 0.000034
0.385659, -0.032890
0.144263, -0.707316
-0.991435, 0.131178
-0.046737, 1.518148
5.035391, 1.309331
9.518709, 0.978299
19.144381, 0.686850
30.163394, 0.545527
39.462539, 0.474825

0.000184, 0.000034
0.387027, -0.005253
0.164045, -0.703034
-0.993542, 0.114115
-0.060679, 1.517611
5.033495, 1.316651
9.518140, 0.983870
19.144239, 0.690773
30.163337, 0.548644
39.462506, 0.477538

0.000185, 0.000035
0.386419, 0.022411
0.183697, -0.698200
-0.995354, 0.097019
-0.074617, 1.516946
5.031587, 1.323967
9.517568, 0.989441
19.144097, 0.694696
30.163279, 0.551761
39.462472, 0.480251

0.000187, 0.000035
0.383838, 0.049961
0.203206, -0.692817
-0.996873, 0.079893
-0.088548, 1.516153
5.029670, 1.331281
9.516993, 0.995011
19.143953, 0.698620
30.163222, 0.554878
39.462438, 0.482964

0.000189, 0.000036
0.379298, 0.077256
0.222555, -0.686890
-0.998097, 0.062744
-0.102472, 1.515233
5.027741, 1.338592
9.516415, 1.000581
19.143809, 0.702543
30.163163, 0.557994
39.462404, 0.485677

0.000191, 0.000036
0.372822, 0.104157
0.241730, -0.680422
-0.999025, 0.045577
-0.116387, 1.514184
5.025802, 1.345900
9.515834, 1.006150
19.143664, 0.706466
30.163105, 0.561111
39.462370, 0.488390

0.000193, 0.000036
0.364443, 0.130525
0.260714, -0.673421
-0.999659, 0.028396
-0.130292, 1.513007
5.023853, 1.353206
9.515249, 1.011720
19.143518, 0.710389
30.163046, 0.564228
39.462336, 0.491104

0.000195, 0.000037
0.354203, 0.156228
0.279494, -0.665890
-0.999997, 0.011207
-0.144186, 1.511703
5.021893, 1.360508
9.514662, 1.017288
19.143371, 0.714312
30.162987, 0.567345
39.462301, 0.493817

0.000197, 0.000037
0.342157, 0.181133
0.298055, -0.657836
-1.000039, -0.005986
-0.158068, 1.510271
5.019923, 1.367808
9.514070, 1.022857
19.143224, 0.718235
30.162928, 0.570462
39.462266, 0.496530

0.000199, 0.000038
0.328365, 0.205113
0.316381, -0.649265
-0.999786, -0.023177
-0.171936, 1.508711
5.017941, 1.375105
9.513476, 1.028425
19.143076, 0.722158
30.162868, 0.573579
39.462231, 0.499243

0.000201, 0.000038
0.312897, 0.228047
0.334460, -0.640185
-0.999237, -0.040361
-0.185790, 1.507024
5.015950, 1.382399
9.512879, 1.033993
19.142927, 0.726080
30.162808, 0.576696
39.462196, 0.501956

0.000204, 0.000038
0.295834, 0.249818
0.352276, -0.630601
-0.998393, -0.057533
-0.199628, 1.505210
5.013948, 1.389690
9.512278, 1.039561
19.142777, 0.730003
30.162747, 0.579813
39.462161, 0.504669

0.000206, 0.000039
0.277263, 0.270314
0.369815, -0.620523
-0.997253, -0.074688
-0.213450, 1.503268
5.011935, 1.396978
9.511674, 1.045128
19.142626, 0.733926
30.162687, 0.582930
39.462125, 0.507382

0.000208, 0.000039
0.257279, 0.289431
0.387065, -0.609958
-0.995819, -0.091821
-0.227253, 1.501199
5.009912, 1.404263
9.511067, 1.050694
19.142475, 0.737849
30.162625, 0.586047
39.462090, 0.510095

0.000210, 0.000040
0.235983, 0.307072
0.404011, -0.598914
-0.994090, -0.108927
-0.241037, 1.499004
5.007878, 1.411545
9.510456, 1.056261
19.142322, 0.741772
30.162564, 0.589163
39.462054, 0.512809

0.000212, 0.000040
0.213486, 0.323148
0.420640, -0.587400
-0.992068, -0.126000
-0.254801, 1.496682
5.005834, 1.418824
9.509843, 1.061827
19.142169, 0.745694
30.162502, 0.592280
39.462018, 0.515522

0.000214, 0.000041
0.189901, 0.337578
0.436939, -0.575425
-0.989752, -0.143037
-0.268543, 1.494233
5.003779, 1.426101
9.509226, 1.067393
19.142015, 0.749617
30.162440, 0.595397
39.461981, 0.518235

0.000216, 0.000041
0.165350, 0.350287
0.452896, -0.562999
-0.987144, -0.160031
-0.282262, 1.491658
5.001714, 1.433374
9.508606, 1.072958
19.141861, 0.753540
30.162378, 0.598514
39.461945, 0.520948

0.000218, 0.000041
0.139958, 0.361212
0.468498, -0.550131
-0.984244, -0.176977
-0.295957, 1.488957
4.999639, 1.440644
9.507983, 1.078523
19.141705, 0.757463
30.162315, 0.601631
39.461908, 0.523661

0.000220, 0.000042
0.113854, 0.370298
0.483732, -0.536831
-0.981053, -0.193872
-0.309628, 1.486130
4.997552, 1.447911
9.507356, 1.084088
19.141549, 0.761385
30.162252, 0.604748
39.461871, 0.526374

0.000223, 0.000042
0.087172, 0.377498
0.498587, -0.523111
-0.977572, -0.210709
-0.323272, 1.483177
4.995456, 1.455176
9.506726, 1.089652
19.141392, 0.765308
30.162189, 0.607865
39.461834, 0.529087

0.000225, 0.000043
0.060047, 0.382778
0.513051, -0.508980
-0.973802, -0.227484
-0.336889, 1.480099
4.993348, 1.462437
9.506093, 1.095216
19.141234, 0.769230
30.162125, 0.610981
39.461797, 0.531800

0.000227, 0.000043
0.032618, 0.386110
0.527114, -0.494450
-0.969744, -0.244191
-0.350477, 1.476896
4.991231, 1.469695
9.505457, 1.100780
19.141075, 0.773153
30.162061, 0.614098
39.461760, 0.534513

0.000229, 0.000043
0.005024, 0.387479
0.540763, -0.479533
-0.965399, -0.260827
-0.364036, 1.473568
4.989103, 1.476950
9.504818, 1.106343
19.140915, 0.777075
30.161997, 0.617215
39.461722, 0.537227

0.000231, 0.000044
-0.022595, 0.386878
0.553989, -0.464239
-0.960769, -0.277385
-0.377563, 1.470116
4.986964, 1.484202
9.504175, 1.111906
19.140755, 0.780998
30.161932, 0.620332
39.461684, 0.539940

0.000233, 0.000044
-0.050097, 0.384311
0.566780, -0.448582
-0.955855, -0.293861
-0.391059, 1.466539
4.984815, 1.491450
9.503529, 1.117468
19.140594, 0.784920
30.161867, 0.623449
39.461646, 0.542653

0.000236, 0.000045
-0.077344, 0.379790
0.579128, -0.432573
-0.950658, -0.310251
-0.404522, 1.462837
4.982656, 1.498696
9.502880, 1.123030
19.140432, 0.788843
30.161802, 0.626565
39.461608, 0.545366

0.000238, 0.000045
-0.104196, 0.373341
0.591022, -0.416225
-0.945180, -0.326548
-0.417950, 1.459013
4.980486, 1.505939
9.502228, 1.128592
19.140269, 0.792765
30.161736, 0.629682
39.461570, 0.548079

0.000240, 0.000046
-0.130518, 0.364997
0.602453, -0.399551
-0.939423, -0.342750
-0.431343, 1.455064
4.978305, 1.513178
9.501572, 1.134153
19.140105, 0.796687
30.161670, 0.632799
39.461531, 0.550792

0.000242, 0.000046
-0.156177, 0.354799
0.613412, -0.382564
-0.933388, -0.358849
-0.444700, 1.450993
4.976114, 1.520414
9.500913, 1.139714
19.139941, 0.800610
30.161604, 0.635916
39.461492, 0.553505

0.000245, 0.000047
-0.181041, 0.342802
0.623891, -0.365277
-0.927077, -0.374843
-0.458019, 1.446799
4.973913, 1.527647
9.500251, 1.145274
19.139776, 0.804532
30.161537, 0.639033
39.461453, 0.556218

0.000247, 0.000047
-0.204986, 0.329065
0.633882, -0.347704
-0.920492, -0.390726
-0.471299, 1.442482
4.971701, 1.534877
9.499586, 1.150835
19.139610, 0.808454
30.161470, 0.642149
39.461414, 0.558931

0.000249, 0.000047
-0.227890, 0.313659
0.643376, -0.329858
-0.913635, -0.406494
-0.484539, 1.438044
4.969479, 1.542103
9.498918, 1.156394
19.139443, 0.812376
30.161403, 0.645266
39.461375, 0.561644

0.000251, 0.000048
-0.249636, 0.296663
0.652366, -0.311755
-0.906508, -0.422141
-0.497738, 1.433484
4.967246, 1.549327
9.498246, 1.161954
19.139275, 0.816298
30.161336, 0.648383
39.461335, 0.564357

0.000254, 0.000048
-0.270116, 0.278164
0.660846, -0.293407
-0.899113, -0.437663
-0.510895, 1.428802
4.965003, 1.556547
9.497571, 1.167513
19.139107, 0.820220
30.161268, 0.651500
39.461296, 0.567070

0.000256, 0.000049
-0.289226, 0.258254
0.668808, -0.274829
-0.891452, -0.453057
-0.524009, 1.423999
4.962750, 1.563763
9.496893, 1.173071
19.138937, 0.824143
30.161199, 0.654616
39.461256, 0.569783

0.000258, 0.000049
-0.306869, 0.237037
0.676247, -0.256035
-0.883527, -0.468316
-0.537078, 1.419076
4.960486, 1.570977
9.496212, 1.178630
19.138767, 0.828065
30.161131, 0.657733
39.461216, 0.572497

0.000261, 0.000050
-0.322955, 0.214618
0.683157, -0.237042
-0.875341, -0.483437
-0.550102, 1.414033
4.958211, 1.578187
9.495528, 1.184187
19.138596, 0.831987
30.161062, 0.660850
39.461176, 0.575210

0.000263, 0.000050
-0.337405, 0.191113
0.689532, -0.217862
-0.866896, -0.498414
-0.563079, 1.408870
4.955927, 1.585394
9.494840, 1.189745
19.138425, 0.835909
30.160993, 0.663966
39.461135, 0.577923

0.000266, 0.000051
-0.350144, 0.166640
0.695367, -0.198513
-0.858195, -0.513245
-0.576009, 1.403588
4.953632, 1.592597
9.494149, 1.195302
19.138252, 0.839831
30.160923, 0.667083
39.461094, 0.580636

0.000268, 0.000051
-0.361109, 0.141324
0.700658, -0.179007
-0.849241, -0.527924
-0.588890, 1.398186
4.951326, 1.599798
9.493455, 1.200858
19.138079, 0.843752
30.160853, 0.670200
39.461054, 0.583349

0.000270, 0.000052
-0.370244, 0.115292
0.705401, -0.159362
-0.840035, -0.542446
-0.601720, 1.392667
4.949010, 1.606994
9.492757, 1.206415
19.137905, 0.847674
30.160783, 0.673316
39.461013, 0.586062

0.000273, 0.000052
-0.377503, 0.088677
0.709592, -0.139591
-0.830580, -0.556809
-0.614500, 1.387029
4.946684, 1.614188
9.492057, 1.211970
19.137730, 0.851596
30.160713, 0.676433
39.460971, 0.588775

0.000275, 0.000053
-0.382850, 0.061613
0.713227, -0.119711
-0.820881, -0.571007
-0.627228, 1.381274
4.944347, 1.621378
9.491353, 1.217526
19.137554, 0.855518
30.160642, 0.679550
39.460930, 0.591488

0.000277, 0.000053
-0.386258, 0.034237
0.716305, -0.099738
-0.810938, -0.585036
-0.639902, 1.375402
4.942000, 1.628565
9.490646, 1.223081
19.137378, 0.859440
30.160571, 0.682667
39.460888, 0.594201

0.000280, 0.000054
-0.387709, 0.006689
0.718822, -0.079686
-0.800756, -0.598892
-0.652523, 1.369414
4.939643, 1.635748
9.489936, 1.228635
19.137200, 0.863361
30.160499, 0.685783
39.460846, 0.596914

0.000282, 0.000054
-0.387195, -0.020893
0.720776, -0.059572
-0.790336, -0.612571
-0.665088, 1.363309
4.937275, 1.642928
9.489222, 1.234189
19.137022, 0.867283
30.160427, 0.688900
39.460804, 0.599627

0.000285, 0.000054
-0.384721, -0.048369
0.722167, -0.039412
-0.779683, -0.626068
-0.677596, 1.357089
4.934897, 1.650104
9.488505, 1.239743
19.136843, 0.871205
30.160355, 0.692016
39.460762, 0.602340

0.000287, 0.000055
-0.380297, -0.075600
0.722993, -0.019220
-0.768800, -0.639381
-0.690047, 1.350754
4.932508, 1.657277
9.487786, 1.245296
19.136663, 0.875126
30.160283, 0.695133
39.460720, 0.605053

0.000290, 0.000055
-0.373947, -0.102448
0.723252, 0.000986
-0.757689, -0.652505
-0.702440, 1.344305
4.930109, 1.664446
9.487062, 1.250849
19.136483, 0.879048
30.160210, 0.698250
39.460677, 0.607766

0.000292, 0.000056
-0.365703, -0.128777
0.722947, 0.021192
-0.746354, -0.665436
-0.714773, 1.337741
4.927700, 1.671612
9.486336, 1.256402
19.136301, 0.882970
30.160137, 0.701366
39.460635, 0.610479

0.000295, 0.000056
-0.355605, -0.154454
0.722075, 0.041382
-0.734799, -0.678170
-0.727046, 1.331065
4.925280, 1.678775
9.485607, 1.261954
19.136119, 0.886891
30.160063, 0.704483
39.460592, 0.613192

0.000297, 0.000057
-0.343704, -0.179348
0.720638, 0.061539
-0.723026, -0.690704
-0.739256, 1.324275
4.922851, 1.685933
9.484874, 1.267505
19.135936, 0.890813
30.159990, 0.707600
39.460549, 0.615905

0.000300, 0.000057
-0.330062, -0.203333
0.718638, 0.081648
-0.711039, -0.703033
-0.751404, 1.317373
4.920410, 1.693089
9.484138, 1.273057
19.135753, 0.894734
30.159916, 0.710716
39.460505, 0.618618

0.000302, 0.000058
-0.314746, -0.226289
0.716076, 0.101693
-0.698842, -0.715155
-0.763489, 1.310360
4.917960, 1.700241
9.483399, 1.278607
19.135568, 0.898655
30.159841, 0.713833
39.460462, 0.621331

0.000305, 0.000059
-0.297834, -0.248097
0.712953, 0.121658
-0.686438, -0.727065
-0.775508, 1.303235
4.915499, 1.707389
9.482656, 1.284158
19.135382, 0.902577
30.159766, 0.716949
39.460418, 0.624044

0.000307, 0.000059
-0.279411, -0.268648
0.709272, 0.141529
-0.673831, -0.738760
-0.787462, 1.296000
4.913028, 1.714533
9.481911, 1.289708
19.135196, 0.906498
30.159691, 0.720066
39.460374, 0.626757

0.000310, 0.000060
-0.259571, -0.287837
0.705036, 0.161288
-0.661025, -0.750237
-0.799349, 1.288655
4.910546, 1.721674
9.481162, 1.295257
19.135009, 0.910419
30.159616, 0.723183
39.460330, 0.629470

0.000313, 0.000060
-0.238412, -0.305567
0.700249, 0.180922
-0.648024, -0.761492
-0.811168, 1.281201
4.908054, 1.728812
9.480410, 1.300806
19.134821, 0.914341
30.159540, 0.726299
39.460286, 0.632183

0.000315, 0.000061
-0.216044, -0.321747
0.694914, 0.200414
-0.634830, -0.772522
-0.822919, 1.273638
4.905552, 1.735946
9.479654, 1.306355
19.134633, 0.918262
30.159464, 0.729416
39.460241, 0.634896

0.000318, 0.000061
-0.192577, -0.336294
0.689035, 0.219749
-0.621449, -0.783323
-0.834599, 1.265967
4.903040, 1.743076
9.478896, 1.311903
19.134443, 0.922183
30.159388, 0.732532
39.460197, 0.637609

0.000320, 0.000062
-0.168132, -0.349135
0.682617, 0.238912
-0.607884, -0.793893
-0.846209, 1.258189
4.900517, 1.750202
9.478134, 1.317451
19.134253, 0.926104
30.159311, 0.735649
39.460152, 0.640322

0.000323, 0.000062
-0.142833, -0.360203
0.675665, 0.257888
-0.594140, -0.804228
-0.857747, 1.250304
4.897984, 1.757325
9.477369, 1.322998
19.134062, 0.930025
30.159234, 0.738765
39.460107, 0.643035

0.000326, 0.000063
-0.116806, -0.369443
0.668183, 0.276662
-0.580219, -0.814325
-0.869212, 1.242313
4.895441, 1.764444
9.476601, 1.328545
19.133870, 0.933946
30.159157, 0.741882
39.460061, 0.645748

0.000328, 0.000063
-0.090184, -0.376806
0.660179, 0.295219
-0.566127, -0.824182
-0.880603, 1.234217
4.892887, 1.771559
9.475830, 1.334091
19.133677, 0.937867
30.159079, 0.744998
39.460016, 0.648461

0.000331, 0.000064
-0.063103, -0.382255
0.651659, 0.313546
-0.551867, -0.833794
-0.891920, 1.226015
4.890324, 1.778671
9.475055, 1.339637
19.133484, 0.941788
30.159001, 0.748115
39.459970, 0.651174

0.000334, 0.000064
-0.035699, -0.385760
0.642628, 0.331627
-0.537444, -0.843161
-0.903161, 1.217710
4.887750, 1.785779
9.474278, 1.345183
19.133290, 0.945709
30.158923, 0.751231
39.459925, 0.653887

0.000336, 0.000065
-0.008113, -0.387305
0.633094, 0.349448
-0.522863, -0.852277
-0.914325, 1.209302
4.885165, 1.792883
9.473497, 1.350728
19.133095, 0.949630
30.158844, 0.754348
39.459879, 0.656600

0.000339, 0.000065
0.019517, -0.386880
0.623065, 0.366996
-0.508126, -0.861142
-0.925412, 1.200791
4.882571, 1.799984
9.472713, 1.356272
19.132899, 0.953551
30.158765, 0.757464
39.459833, 0.659313

0.000342, 0.000066
0.047049, -0.384487
0.612548, 0.384256
-0.493239, -0.869753
-0.936420, 1.192178
4.879966, 1.807080
9.471925, 1.361816
19.132702, 0.957472
30.158686, 0.760581
39.459786, 0.662026

0.000344, 0.000067
0.074344, -0.380138
0.601551, 0.401215
-0.478206, -0.878106
-0.947348, 1.183464
4.877351, 1.814173
9.471135, 1.367360
19.132504, 0.961393
30.158606, 0.763697
39.459740, 0.664739

0.000347, 0.000067
0.101262, -0.373853
0.590083, 0.417860
-0.463032, -0.886199
-0.958196, 1.174649
4.874726, 1.821262
9.470341, 1.372903
19.132306, 0.965313
30.158526, 0.766814
39.459693, 0.667452

0.000350, 0.000068
0.127666, -0.365664
0.578154, 0.434178
-0.447720, -0.894030
-0.968963, 1.165735
4.872090, 1.828348
9.469544, 1.378446
19.132107, 0.969234
30.158446, 0.769930
39.459646, 0.670165

0.000353, 0.000068
0.153422, -0.355613
0.565771, 0.450155
-0.432276, -0.901597
-0.979647, 1.156722
4.869444, 1.835429
9.468744, 1.383988
19.131907, 0.973155
30.158365, 0.773047
39.459599, 0.672878

0.000355, 0.000069
0.178398, -0.343750
0.552946, 0.465780
-0.416704, -0.908898
-0.990248, 1.147610
4.866788, 1.842507
9.467940, 1.389530
19.131706, 0.977075
30.158284, 0.776163
39.459551, 0.675591

0.000358, 0.000069
0.202467, -0.330135
0.539687, 0.481040
-0.401009, -0.915929
-1.000765, 1.138401
4.864122, 1.849580
9.467133, 1.395071
19.131505, 0.980996
30.158203, 0.779279
39.459504, 0.678304

0.000361, 0.000070
0.225505, -0.314837
0.526006, 0.495923
-0.385195, -0.922690
-1.011197, 1.129096
4.861446, 1.856650
9.466324, 1.400612
19.131302, 0.984916
30.158121, 0.782396
39.459456, 0.681017

0.000364, 0.000071
0.247396, -0.297934
0.511913, 0.510417
-0.369267, -0.929178
-1.021544, 1.119695
4.858759, 1.863716
9.465511, 1.406152
19.131099, 0.988837
30.158040, 0.785512
39.459408, 0.683730

0.000366, 0.000071
0.268027, -0.279510
0.497419, 0.524511
-0.353230, -0.935391
-1.031803, 1.110198
4.856062, 1.870778
9.464694, 1.411692
19.130895, 0.992757
30.157957, 0.788629
39.459360, 0.686443

0.000369, 0.000072
0.287293, -0.259661
0.482535, 0.538194
-0.337088, -0.941327
-1.041975, 1.100608
4.853356, 1.877836
9.463875, 1.417232
19.130690, 0.996678
30.157875, 0.791745
39.459312, 0.689155

0.000372, 0.000072
0.305095, -0.238486
0.467273, 0.551456
-0.320847, -0.946985
-1.052058, 1.090924
4.850638, 1.884890
9.463052, 1.422771
19.130485, 1.000598
30.157792, 0.794861
39.459263, 0.691868

0.000375, 0.000073
0.321341, -0.216094
0.451645, 0.564284
-0.304510, -0.952363
-1.062052, 1.081147
4.847911, 1.891940
9.462226, 1.428309
19.130278, 1.004518
30.157709, 0.797978
39.459215, 0.694581

0.000378, 0.000074
0.335950, -0.192598
0.435663, 0.576670
-0.288083, -0.957459
-1.071955, 1.071278
4.845174, 1.898986
9.461397, 1.433847
19.130071, 1.008439
30.157625, 0.801094
39.459166, 0.697294

0.000381, 0.000074
0.348845, -0.168119
0.419339, 0.588604
-0.271571, -0.962272
-1.081768, 1.061319
4.842426, 1.906029
9.460565, 1.439385
19.129863, 1.012359
30.157541, 0.804210
39.459117, 0.700007

0.000384, 0.000075
0.359962, -0.142782
0.402687, 0.600077
-0.254979, -0.966801
-1.091488, 1.051269
4.839668, 1.913067
9.459729, 1.444922
19.129654, 1.016279
30.157457, 0.807327
39.459068, 0.702720

0.000386, 0.000075
0.369242, -0.116714
0.385719, 0.611078
-0.238311, -0.971043
-1.101116, 1.041130
4.836900, 1.920101
9.458891, 1.450458
19.129445, 1.020199
30.157372, 0.810443
39.459018, 0.705433

0.000389, 0.000076
0.376638, -0.090051
0.368449, 0.621600
-0.221572, -0.974999
-1.110650, 1.030902
4.834122, 1.927131
9.458049, 1.455995
19.129234, 1.024119
30.157288, 0.813560
39.458969, 0.708146

0.000392, 0.000077
0.382114, -0.062927
0.350891, 0.631634
-0.204768, -0.978665
-1.120090, 1.020587
4.831334, 1.934157
9.457204, 1.461530
19.129023, 1.028040
30.157202, 0.816676
39.458919, 0.710859

0.000395, 0.000077
0.385639, -0.035481
0.333057, 0.641173
-0.187903, -0.982043
-1.129435, 1.010186
4.828535, 1.941179
9.456355, 1.467065
19.128811, 1.031960
30.157117, 0.819792
39.458869, 0.713572

0.000398, 0.000078
0.387197, -0.007854
0.314962, 0.650208
-0.170982, -0.985130
-1.138683, 0.999698
4.825727, 1.948197
9.455504, 1.472600
19.128598, 1.035880
30.157031, 0.822908
39.458819, 0.716285

0.000401, 0.000079
0.386779, 0.019814
0.296620, 0.658733
-0.154011, -0.987925
-1.147835, 0.989126
4.822908, 1.955211
9.454649, 1.478134
19.128385, 1.039799
30.156945, 0.826025
39.458768, 0.718997

0.000404, 0.000079
0.384387, 0.047381
0.278045, 0.666741
-0.136993, -0.990429
-1.156889, 0.978469
4.820079, 1.962221
9.453791, 1.483667
19.128170, 1.043719
30.156859, 0.829141
39.458718, 0.721710

0.000407, 0.000080
0.380035, 0.074707
0.259252, 0.674225
-0.119936, -0.992639
-1.165845, 0.967729
4.817241, 1.969227
9.452930, 1.489201
19.127955, 1.047639
30.156772, 0.832257
39.458667, 0.724423

0.000410, 0.000081
0.373743, 0.101651
0.240256, 0.681180
-0.102842, -0.994556
-1.174702, 0.956907
4.814392, 1.976228
9.452066, 1.494733
19.127739, 1.051559
30.156685, 0.835374
39.458616, 0.727136

0.000413, 0.000081
0.365546, 0.128077
0.221072, 0.687600
-0.085719, -0.996178
-1.183459, 0.946004
4.811533, 1.983225
9.451198, 1.500265
19.127522, 1.055479
30.156597, 0.838490
39.458565, 0.729849

0.000416, 0.000082
0.355483, 0.153849
0.201714, 0.693479
-0.068569, -0.997506
-1.192115, 0.935020
4.808663, 1.990219
9.450327, 1.505797
19.127304, 1.059398
30.156509, 0.841606
39.458514, 0.732562

0.000419, 0.000082
0.343608, 0.178836
0.182199, 0.698814
-0.051399, -0.998539
-1.200670, 0.923957
4.805784, 1.997208
9.449453, 1.511328
19.127086, 1.063318
30.156421, 0.844722
39.458462, 0.735275

0.000422, 0.000083
0.329981, 0.202911
0.162540, 0.703599
-0.034214, -0.999276
-1.209122, 0.912816
4.802895, 2.004193
9.448576, 1.516859
19.126866, 1.067238
30.156333, 0.847839
39.458410, 0.737988

0.000425, 0.000084
0.314672, 0.225950
0.142754, 0.707832
-0.017019, -0.999718
-1.217472, 0.901596
4.799995, 2.011173
9.447696, 1.522389
19.126646, 1.071157
30.156244, 0.850955
39.458359, 0.740701

0.000428, 0.000085
0.297759, 0.247837
0.122856, 0.711508
0.000182, -0.999864
-1.225718, 0.890301
4.797086, 2.018150
9.446812, 1.527918
19.126425, 1.075077
30.156155, 0.854071
39.458306, 0.743413

0.000431, 0.000085
0.279329, 0.268459
0.102862, 0.714625
0.017382, -0.999714
-1.233861, 0.878929
4.794166, 2.025122
9.445925, 1.533447
19.126204, 1.078996
30.156066, 0.857187
39.458254, 0.746126

0.000434, 0.000086
0.259477, 0.287713
0.082787, 0.717180
0.034578, -0.999268
-1.241898, 0.867483
4.791237, 2.032090
9.445035, 1.538976
19.125981, 1.082916
30.155976, 0.860303
39.458202, 0.748839

0.000437, 0.000087
0.238304, 0.305500
0.062647, 0.719171
0.051763, -0.998527
-1.249829, 0.855963
4.788297, 2.039053
9.444142, 1.544504
19.125758, 1.086835
30.155886, 0.863420
39.458149, 0.751552

0.000440, 0.000087
0.215918, 0.321730
0.042459, 0.720597
0.068934, -0.997490
-1.257654, 0.844370
4.785347, 2.046013
9.443246, 1.550031
19.125534, 1.090755
30.155795, 0.866536
39.458096, 0.754265

0.000443, 0.000088
0.192433, 0.336320
0.022237, 0.721455
0.086084, -0.996158
-1.265372, 0.832705
4.782388, 2.052968
9.442346, 1.555558
19.125309, 1.094674
30.155705, 0.869652
39.458043, 0.756978

0.000447, 0.000089
0.167970, 0.349197
0.001999, 0.721746
0.103209, -0.994532
-1.272983, 0.820970
4.779418, 2.059919
9.441444, 1.561085
19.125083, 1.098593
30.155614, 0.872768
39.457990, 0.759690

0.000450, 0.000089
0.142654, 0.360296
-0.018241, 0.721469
0.120303, -0.992611
-1.280485, 0.809165
4.776438, 2.066865
9.440538, 1.566611
19.124856, 1.102512
30.155522, 0.875884
39.457937, 0.762403

0.000453, 0.000090
0.116614, 0.369560
-0.038466, 0.720624
0.137362, -0.990396
-1.287878, 0.797290
4.773448, 2.073807
9.439629, 1.572136
19.124629, 1.106432
30.155431, 0.879000
39.457883, 0.765116

0.000456, 0.000091
0.089982, 0.376943
-0.058661, 0.719212
0.154380, -0.987889
-1.295162, 0.785349
4.770448, 2.080745
9.438716, 1.577661
19.124401, 1.110351
30.155339, 0.882117
39.457829, 0.767829

0.000459, 0.000092
0.062895, 0.382409
-0.078808, 0.717234
0.171353, -0.985089
-1.302335, 0.773340
4.767438, 2.087678
9.437801, 1.583185
19.124172, 1.114270
30.155246, 0.885233
39.457775, 0.770542

0.000462, 0.000092
0.035490, 0.385929
-0.098894, 0.714691
0.188276, -0.981998
-1.309398, 0.761266
4.764419, 2.094607
9.436882, 1.588709
19.123942, 1.118189
30.155154, 0.888349
39.457721, 0.773255

0.000465, 0.000093
0.007907, 0.387486
-0.118901, 0.711585
0.205142, -0.978616
-1.316349, 0.749126
4.761389, 2.101532
9.435960, 1.594232
19.123711, 1.122108
30.155061, 0.891465
39.457667, 0.775967

0.000469, 0.000094
-0.019714, 0.387074
-0.138814, 0.707919
0.221949, -0.974944
-1.323188, 0.736924
4.758349, 2.108452
9.435035, 1.599755
19.123480, 1.126027
30.154967, 0.894581
39.457612, 0.778680

0.000472, 0.000095
-0.047232, 0.384695
-0.158618, 0.703696
0.238689, -0.970984
-1.329915, 0.724658
4.755299, 2.115368
9.434106, 1.605277
19.123248, 1.129946
30.154874, 0.897697
39.457557, 0.781393

0.000475, 0.000095
-0.074508, 0.380362
-0.178296, 0.698917
0.255359, -0.966737
-1.336528, 0.712331
4.752239, 2.122279
9.433175, 1.610799
19.123015, 1.133865
30.154780, 0.900813
39.457502, 0.784106

0.000478, 0.000096
-0.101403, 0.374097
-0.197833, 0.693588
0.271954, -0.962203
-1.343028, 0.699943
4.749170, 2.129186
9.432240, 1.616320
19.122781, 1.137783
30.154686, 0.903929
39.457447, 0.786819

0.000481, 0.000097
-0.127781, 0.365932
-0.217214, 0.687713
0.288469, -0.957385
-1.349413, 0.687496
4.746090, 2.136089
9.431302, 1.621840
19.122546, 1.141702
30.154591, 0.907045
39.457392, 0.789532

0.000485, 0.000098
-0.153508, 0.355911
-0.236423, 0.681295
0.304898, -0.952284
-1.355684, 0.674990
4.743000, 2.142987
9.430361, 1.627360
19.122311, 1.145621
30.154496, 0.910161
39.457336, 0.792244

0.000488, 0.000098
-0.178453, 0.344084
-0.255445, 0.674341
0.321237, -0.946900
-1.361839, 0.662427
4.739901, 2.149880
9.429417, 1.632880
19.122075, 1.149539
30.154401, 0.913277
39.457281, 0.794957

0.000491, 0.000099
-0.202490, 0.330511
-0.274266, 0.666855
0.337482, -0.941237
-1.367878, 0.649807
4.736791, 2.156769
9.428469, 1.638399
19.121837, 1.153458
30.154305, 0.916393
39.457225, 0.797670

0.000494, 0.000100
-0.225497, 0.315263
-0.292870, 0.658843
0.353626, -0.935295
-1.373800, 0.637132
4.733672, 2.163653
9.427518, 1.643917
19.121600, 1.157377
30.154209, 0.919509
39.457169, 0.800383

0.000498, 0.000101
-0.247359, 0.298416
-0.311242, 0.650311
0.369666, -0.929076
-1.379606, 0.624403
4.730542, 2.170533
9.426564, 1.649435
19.121361, 1.161295
30.154113, 0.922625
39.457113, 0.803095

0.000501, 0.000102
-0.267964, 0.280057
-0.329369, 0.641266
0.385597, -0.922582
-1.385294, 0.611621
4.727403, 2.177409
9.425607, 1.654952
19.121121, 1.165214
30.154016, 0.925741
39.457056, 0.805808

0.000504, 0.000102
-0.287208, 0.260280
-0.347235, 0.631716
0.401414, -0.915815
-1.390865, 0.598787
4.724254, 2.184279
9.424647, 1.660469
19.120881, 1.169132
30.153920, 0.928857
39.456999, 0.808521

0.000508, 0.000103
-0.304994, 0.239183
-0.364827, 0.621667
0.417112, -0.908777
-1.396316, 0.585901
4.721094, 2.191146
9.423684, 1.665985
19.120640, 1.173050
30.153822, 0.931973
39.456943, 0.811234

0.000511, 0.000104
-0.321233, 0.216876
-0.382131, 0.611128
0.432687, -0.901470
-1.401649, 0.572966
4.717925, 2.198007
9.422717, 1.671501
19.120398, 1.176969
30.153725, 0.935089
39.456886, 0.813947

0.000514, 0.000105
-0.335842, 0.193470
-0.399132, 0.600106
0.448135, -0.893896
-1.406863, 0.559982
4.714746, 2.204864
9.421747, 1.677016
19.120155, 1.180887
30.153627, 0.938205
39.456828, 0.816659

0.000518, 0.000106
-0.348747, 0.169086
-0.415818, 0.588611
0.463449, -0.886058
-1.411957, 0.546951
4.711558, 2.211716
9.420774, 1.682530
19.119912, 1.184805
30.153529, 0.941321
39.456771, 0.819372

0.000521, 0.000107
-0.359884, 0.143845
-0.432176, 0.576651
0.478627, -0.877957
-1.416930, 0.533873
4.708359, 2.218564
9.419798, 1.688044
19.119668, 1.188723
30.153430, 0.944437
39.456713, 0.822085

0.000524, 0.000107
-0.369196, 0.117877
-0.448191, 0.564236
0.493663, -0.869597
-1.421783, 0.520749
4.705150, 2.225407
9.418818, 1.693557
19.119423, 1.192641
30.153331, 0.947553
39.456655, 0.824798

0.000528, 0.000108
-0.376636, 0.091313
-0.463853, 0.551375
0.508553, -0.860979
-1.426515, 0.507582
4.701932, 2.232245
9.417836, 1.699070
19.119177, 1.196560
30.153232, 0.950669
39.456597, 0.827510

0.000531, 0.000109
-0.382167, 0.064286
-0.479147, 0.538079
0.523293, -0.852106
-1.431125, 0.494371
4.698703, 2.239079
9.416850, 1.704582
19.118930, 1.200478
30.153133, 0.953785
39.456539, 0.830223

0.000534, 0.000110
-0.385760, 0.036936
-0.494063, 0.524358
0.537878, -0.842981
-1.435614, 0.481118
4.695465, 2.245908
9.415861, 1.710094
19.118682, 1.204396
30.153033, 0.956901
39.456481, 0.832936

0.000538, 0.000111
-0.387398, 0.009398
-0.508588, 0.510223
0.552305, -0.833606
-1.439980, 0.467824
4.692217, 2.252732
9.414868, 1.715605
19.118434, 1.208313
30.152933, 0.960017
39.456422, 0.835649

0.000541, 0.000112
-0.387073, -0.018186
-0.522710, 0.495684
0.566567, -0.823985
-1.444223, 0.454490
4.688959, 2.259552
9.413873, 1.721115
19.118185, 1.212231
30.152832, 0.963132
39.456364, 0.838361

0.000545, 0.000112
-0.384785, -0.045678
-0.536419, 0.480755
0.580663, -0.814120
-1.448344, 0.441117
4.685692, 2.266367
9.412874, 1.726625
19.117935, 1.216149
30.152731, 0.966248
39.456305, 0.841074

0.000548, 0.000113
-0.380547, -0.072938
-0.549704, 0.465445
0.594586, -0.804013
-1.452341, 0.427707
4.682414, 2.273177
9.411873, 1.732134
19.117684, 1.220067
30.152630, 0.969364
39.456246, 0.843787

0.000551, 0.000114
-0.374380, -0.099828
-0.562554, 0.449768
0.608334, -0.793669
-1.456214, 0.414261
4.679127, 2.279982
9.410868, 1.737643
19.117432, 1.223985
30.152529, 0.972480
39.456186, 0.846499

0.000555, 0.000115
-0.366315, -0.126212
-0.574959, 0.433735
0.621902, -0.783090
-1.459964, 0.400779
4.675830, 2.286782
9.409860, 1.743151
19.117180, 1.227902
30.152427, 0.975596
39.456127, 0.849212

0.000558, 0.000116
-0.356392, -0.151957
-0.586909, 0.417359
0.635286, -0.772279
-1.463589, 0.387263
4.672523, 2.293578
9.408848, 1.748659
19.116927, 1.231820
30.152325, 0.978712
39.456067, 0.851925

0.000562, 0.000117
-0.344661, -0.176931
-0.598394, 0.400654
0.648482, -0.761239
-1.467089, 0.373714
4.669206, 2.300369
9.407834, 1.754166
19.116673, 1.235737
30.152223, 0.981828
39.456007, 0.854638

0.000565, 0.000118
-0.331183, -0.201009
-0.609406, 0.383632
0.661487, -0.749974
-1.470465, 0.360134
4.665879, 2.307155
9.406816, 1.759672
19.116418, 1.239655
30.152120, 0.984943
39.455947, 0.857350

0.000569, 0.000119
-0.316023, -0.224068
-0.619935, 0.366306
0.674295, -0.738487
-1.473715, 0.346523
4.662543, 2.313936
9.405795, 1.765178
19.116162, 1.243572
30.152017, 0.988059
39.455887, 0.860063

0.000572, 0.000120
-0.299260, -0.245991
-0.629974, 0.348691
0.686905, -0.726781
-1.476839, 0.332882
4.659197, 2.320713
9.404771, 1.770683
19.115906, 1.247490
30.151913, 0.991175
39.455826, 0.862776

0.000576, 0.000120
-0.280977, -0.266667
-0.639514, 0.330801
0.699311, -0.714860
-1.479838, 0.319213
4.655841, 2.327484
9.403744, 1.776187
19.115649, 1.251407
30.151810, 0.994291
39.455766, 0.865488

0.000579, 0.000121
-0.261268, -0.285991
-0.648548, 0.312649
0.711510, -0.702727
-1.482711, 0.305517
4.652475, 2.334251
9.402713, 1.781691
19.115391, 1.255324
30.151706, 0.997406
39.455705, 0.868201

0.000583, 0.000122
-0.240230, -0.303864
-0.657068, 0.294249
0.723499, -0.690386
-1.485457, 0.291794
4.649100, 2.341012
9.401679, 1.787195
19.115132, 1.259242
30.151601, 1.000522
39.455644, 0.870914

0.000586, 0.000123
-0.217972, -0.320196
-0.665069, 0.275618
0.735274, -0.677841
-1.488077, 0.278047
4.645715, 2.347769
9.400643, 1.792697
19.114872, 1.263159
30.151497, 1.003638
39.455583, 0.873626

0.000590, 0.000124
-0.194605, -0.334903
-0.672542, 0.256768
0.746831, -0.665095
-1.490570, 0.264276
4.642320, 2.354521
9.399603, 1.798200
19.114612, 1.267076
30.151391, 1.006754
39.455521, 0.876339

0.000593, 0.000125
-0.170248, -0.347911
-0.679483, 0.237715
0.758167, -0.652153
-1.492936, 0.250483
4.638915, 2.361268
9.398559, 1.803701
19.114351, 1.270993
30.151286, 1.009869
39.455460, 0.879052

0.000597, 0.000126
-0.145023, -0.359152
-0.685886, 0.218474
0.769280, -0.639017
-1.495174, 0.236669
4.635501, 2.368010
9.397513, 1.809202
19.114089, 1.274910
30.151180, 1.012985
39.455398, 0.881764

0.000600, 0.000127
-0.119060, -0.368569
-0.691746, 0.199060
0.780164, -0.625692
-1.497286, 0.222834
4.632077, 2.374747
9.396463, 1.814702
19.113826, 1.278827
30.151074, 1.016101
39.455336, 0.884477

0.000604, 0.000128
-0.092488, -0.376113
-0.697058, 0.179489
0.790818, -0.612181
-1.499270, 0.208980
4.628643, 2.381479
9.395411, 1.820202
19.113562, 1.282744
30.150968, 1.019216
39.455274, 0.887190

0.000608, 0.000129
-0.065444, -0.381747
-0.701818, 0.159776
0.801238, -0.598490
-1.501126, 0.195109
4.625199, 2.388206
9.394355, 1.825701
19.113298, 1.286661
30.150861, 1.022332
39.455211, 0.889902

0.000611, 0.000130
-0.038064, -0.385440
-0.706023, 0.139937
0.811421, -0.584621
-1.502854, 0.181221
4.621746, 2.394928
9.393296, 1.831200
19.113032, 1.290578
30.150754, 1.025448
39.455149, 0.892615

0.000615, 0.000131
-0.010488, -0.387173
-0.709668, 0.119987
0.821364, -0.570579
-1.504454, 0.167317
4.618283, 2.401645
9.392233, 1.836698
19.112766, 1.294494
30.150647, 1.028563
39.455086, 0.895328

0.000618, 0.000132
0.017145, -0.386936
-0.712751, 0.099942
0.831064, -0.556368
-1.505926, 0.153399
4.614811, 2.408357
9.391168, 1.842195
19.112499, 1.298411
30.150540, 1.031679
39.455023, 0.898040

0.000622, 0.000133
0.044694, -0.384731
-0.715269, 0.079818
0.840518, -0.541992
-1.507269, 0.139469
4.611329, 2.415064
9.390099, 1.847692
19.112232, 1.302328
30.150432, 1.034795
39.454960, 0.900753

0.000626, 0.000134
0.072018, -0.380568
-0.717221, 0.059632
0.849723, -0.527455
-1.508484, 0.125526
4.607837, 2.421766
9.389027, 1.853188
19.111963, 1.306244
30.150323, 1.037910
39.454897, 0.903466

0.000629, 0.000135
0.098980, -0.374467
-0.718604, 0.039398
0.858677, -0.512763
-1.509571, 0.111573
4.604335, 2.428463
9.387952, 1.858683
19.111694, 1.310161
30.150215, 1.041026
39.454833, 0.906178

0.000633, 0.000136
0.125440, -0.366459
-0.719419, 0.019133
0.867377, -0.497919
-1.510529, 0.097610
4.600824, 2.435154
9.386874, 1.864178
19.111424, 1.314077
30.150106, 1.044141
39.454769, 0.908891

0.000637, 0.000137
0.151265, -0.356584
-0.719663, -0.001147
0.875820, -0.482927
-1.511358, 0.083639
4.597303, 2.441841
9.385793, 1.869672
19.111153, 1.317994
30.149996, 1.047257
39.454706, 0.911603

0.000640, 0.000138
0.176323, -0.344892
-0.719338, -0.021426
0.884005, -0.467792
-1.512058, 0.069661
4.593773, 2.448522
9.384708, 1.875165
19.110881, 1.321910
30.149887, 1.050373
39.454641, 0.914316

0.000644, 0.000139
0.200485, -0.331441
-0.718442, -0.041688
0.891927, -0.452518
-1.512630, 0.055676
4.590232, 2.455198
9.383620, 1.880658
19.110608, 1.325827
30.149777, 1.053488
39.454577, 0.917029

0.000648, 0.000140
0.223629, -0.316301
-0.716978, -0.061917
0.899586, -0.437111
-1.513073, 0.041688
4.586683, 2.461870
9.382529, 1.886151
19.110335, 1.329743
30.149667, 1.056604
39.454513, 0.919741

0.000651, 0.000141
0.245636, -0.299547
-0.714946, -0.082097
0.906979, -0.421574
-1.513386, 0.027695
4.583123, 2.468536
9.381435, 1.891642
19.110061, 1.333659
30.149556, 1.059719
39.454448, 0.922454

0.000655, 0.000142
0.266394, -0.281265
-0.712347, -0.102211
0.914103, -0.405912
-1.513571, 0.013700
4.579554, 2.475196
9.380338, 1.897133
19.109786, 1.337575
30.149445, 1.062835
39.454383, 0.925167

0.000659, 0.000143
0.285796, -0.261547
-0.709184, -0.122245
0.920957, -0.390130
-1.513627, -0.000295
4.575976, 2.481852
9.379237, 1.902623
19.109510, 1.341491
30.149334, 1.065950
39.454318, 0.927879

0.000662, 0.000144
0.303743, -0.240494
-0.705459, -0.142181
0.927538, -0.374232
-1.513554, -0.014291
4.572388, 2.488502
9.378134, 1.908113
19.109234, 1.345407
30.149223, 1.069066
39.454253, 0.930592

0.000666, 0.000145
0.320143, -0.218213
-0.701176, -0.162006
0.933845, -0.358224
-1.513351, -0.028286
4.568790, 2.495148
9.377027, 1.913602
19.108956, 1.349323
30.149111, 1.072181
39.454188, 0.933304

0.000670, 0.000146
0.334913, -0.194817
-0.696337, -0.181701
0.939876, -0.342109
-1.513020, -0.042278
4.565182, 2.501788
9.375917, 1.919091
19.108678, 1.353239
30.148998, 1.075297
39.454122, 0.936017

0.000674, 0.000147
0.347977, -0.170426
-0.690946, -0.201253
0.945628, -0.325893
-1.512560, -0.056267
4.561566, 2.508422
9.374804, 1.924578
19.108399, 1.357155
30.148886, 1.078412
39.454056, 0.938729

0.000677, 0.000148
0.359267, -0.145164
-0.685008, -0.220646
0.951101, -0.309581
-1.511971, -0.070251
4.557939, 2.515052
9.373687, 1.930066
19.108119, 1.361071
30.148773, 1.081528
39.453990, 0.941442

0.000681, 0.000149
0.368726, -0.119161
-0.678528, -0.239863
0.956292, -0.293176
-1.511253, -0.084228
4.554303, 2.521676
9.372568, 1.935552
19.107839, 1.364987
30.148660, 1.084643
39.453924, 0.944155

0.000685, 0.000150
0.376306, -0.092548
-0.671510, -0.258891
0.961200, -0.276685
-1.510406, -0.098199
4.550658, 2.528295
9.371445, 1.941038
19.107557, 1.368902
30.148546, 1.087759
39.453858, 0.946867

0.000689, 0.000151
0.381967, -0.065461
-0.663960, -0.277714
0.965824, -0.260112
-1.509431, -0.112161
4.547002, 2.534908
9.370319, 1.946523
19.107275, 1.372818
30.148433, 1.090874
39.453791, 0.949580

0.000693, 0.000152
0.385681, -0.038039
-0.655885, -0.296317
0.970162, -0.243462
-1.508327, -0.126114
4.543338, 2.541517
9.369190, 1.952007
19.106992, 1.376734
30.148318, 1.093989
39.453724, 0.952292

0.000696, 0.000153
0.387429, -0.010423
-0.647290, -0.314686
0.974213, -0.226740
-1.507094, -0.140056
4.539664, 2.548120
9.368058, 1.957491
19.106708, 1.380649
30.148204, 1.097105
39.453657, 0.955005

0.000700, 0.000154
0.387201, 0.017248
-0.638183, -0.332806
0.977976, -0.209950
-1.505733, -0.153986
4.535980, 2.554717
9.366923, 1.962975
19.106424, 1.384565
30.148089, 1.100220
39.453590, 0.957717

0.000704, 0.000155
0.384999, 0.044832
-0.628570, -0.350662
0.981450, -0.193098
-1.504244, -0.167902
4.532287, 2.561309
9.365784, 1.968457
19.106138, 1.388480
30.147974, 1.103336
39.453523, 0.960430

0.000708, 0.000156
0.380834, 0.072187
-0.618459, -0.368240
0.984633, -0.176190
-1.502626, -0.181805
4.528584, 2.567896
9.364642, 1.973939
19.105852, 1.392395
30.147859, 1.106451
39.453456, 0.963142

0.000712, 0.000157
0.374728, 0.099174
-0.607859, -0.385528
0.987524, -0.159228
-1.500881, -0.195692
4.524872, 2.574478
9.363497, 1.979420
19.105565, 1.396311
30.147743, 1.109566
39.453388, 0.965855

0.000716, 0.000158
0.366712, 0.125656
-0.596778, -0.402510
0.990124, -0.142220
-1.499007, -0.209562
4.521150, 2.581054
9.362349, 1.984901
19.105277, 1.400226
30.147627, 1.112682
39.453320, 0.968567

0.000719, 0.000159
0.356827, 0.151497
-0.585224, -0.419174
0.992430, -0.125169
-1.497006, -0.223415
4.517419, 2.587625
9.361198, 1.990381
19.104988, 1.404141
30.147510, 1.115797
39.453252, 0.971280

0.000723, 0.000160
0.345124, 0.176565
-0.573207, -0.435506
0.994443, -0.108082
-1.494877, -0.237248
4.513679, 2.594190
9.360044, 1.995860
19.104699, 1.408056
30.147394, 1.118912
39.453184, 0.973992

0.000727, 0.000162
0.331662, 0.200733
-0.560736, -0.451494
0.996162, -0.090962
-1.492621, -0.251061
4.509928, 2.600750
9.358886, 2.001338
19.104409, 1.411971
30.147277, 1.122028
39.453115, 0.976705

0.000731, 0.000163
0.316512, 0.223877
-0.547821, -0.467125
0.997586, -0.073815
-1.490238, -0.264853
4.506169, 2.607304
9.357725, 2.006816
19.104117, 1.415886
30.147159, 1.125143
39.453046, 0.979417

0.000735, 0.000164
0.299750, 0.245879
-0.534473, -0.482387
0.998714, -0.056646
-1.487727, -0.278622
4.502400, 2.613853
9.356561, 2.012293
19.103826, 1.419801
30.147041, 1.128258
39.452978, 0.982130

0.000739, 0.000165
0.281462, 0.266628
-0.520701, -0.497267
0.999547, -0.039461
-1.485090, -0.292368
4.498622, 2.620396
9.355394, 2.017770
19.103533, 1.423716
30.146923, 1.131373
39.452909, 0.984842

0.000743, 0.000166
0.261743, 0.286017
-0.506518, -0.511754
1.000085, -0.022264
-1.482326, -0.306088
4.494834, 2.626934
9.354224, 2.023246
19.103239, 1.427631
30.146805, 1.134489
39.452839, 0.987555

0.000747, 0.000167
0.240692, 0.303949
-0.491934, -0.525836
1.000326, -0.005060
-1.479436, -0.319783
4.491037, 2.633466
9.353051, 2.028721
19.102945, 1.431546
30.146686, 1.137604
39.452770, 0.990267

